            Method:1
  2  1  8 |  3  5  9 |  7  4  6
  1  6  3 |  2  8  7 |  4  9  5
  6  7  4 |  9  3  8 |  2  5  1
----------+----------+----------
  3  8  7 |  6  4  5 |  1  2  9
  7  5  2 |  4  1  6 |  9  3  8
  4  9  5 |  1  2  3 |  6  8  7
----------+----------+----------
  8  2  9 |  5  7  1 |  3  6  4
  5  4  6 |  7  9  2 |  8  1  3
  9  3  1 |  8  6  4 |  5  7  2

            Method:2
  2  1  8 |  3  5  7 |  4  9  6
  1  6  3 |  2  8  9 |  7  4  5
  6  7  4 |  9  3  8 |  2  5  1
----------+----------+----------
  3  8  7 |  6  4  5 |  1  2  9
  7  5  2 |  4  1  6 |  9  3  8
  4  9  5 |  1  2  3 |  6  8  7
----------+----------+----------
  8  2  9 |  5  7  1 |  3  6  4
  5  4  6 |  7  9  2 |  8  1  3
  9  3  1 |  8  6  4 |  5  7  2

            Method:3
  7  1  2 |  3  5  6 |  4  9  8
  1  6  3 |  2  8  9 |  7  4  5
  6  7  4 |  9  3  8 |  2  5  1
----------+----------+----------
  3  8  7 |  6  4  5 |  1  2  9
  2  5  8 |  4  1  7 |  9  3  6
  4  9  5 |  1  2  3 |  6  8  7
----------+----------+----------
  8  2  9 |  5  7  1 |  3  6  4
  5  4  6 |  7  9  2 |  8  1  3
  9  3  1 |  8  6  4 |  5  7  2

            Method:4
  7  1  2 |  3  8  6 |  4  9  5
  1  6  3 |  2  5  9 |  7  4  8
  6  7  4 |  9  3  8 |  2  5  1
----------+----------+----------
  3  8  7 |  6  4  5 |  1  2  9
  2  5  8 |  4  1  7 |  9  3  6
  4  9  5 |  1  2  3 |  6  8  7
----------+----------+----------
  8  2  9 |  5  7  1 |  3  6  4
  5  4  6 |  7  9  2 |  8  1  3
  9  3  1 |  8  6  4 |  5  7  2

            Method:5
  7  1  2 |  3  5  6 |  9  4  8
  1  6  3 |  2  8  7 |  4  9  5
  6  7  4 |  9  3  8 |  2  5  1
----------+----------+----------
  3  8  7 |  6  4  5 |  1  2  9
  2  5  8 |  4  1  9 |  7  3  6
  4  9  5 |  1  2  3 |  6  8  7
----------+----------+----------
  8  2  9 |  5  7  1 |  3  6  4
  5  4  6 |  7  9  2 |  8  1  3
  9  3  1 |  8  6  4 |  5  7  2

            Method:6
  7  1  2 |  3  5  6 |  4  9  8
  1  6  3 |  2  8  7 |  9  4  5
  6  7  4 |  9  3  8 |  2  5  1
----------+----------+----------
  3  8  7 |  6  4  5 |  1  2  9
  2  5  8 |  4  1  9 |  7  3  6
  4  9  5 |  1  2  3 |  6  8  7
----------+----------+----------
  8  2  9 |  5  7  1 |  3  6  4
  5  4  6 |  7  9  2 |  8  1  3
  9  3  1 |  8  6  4 |  5  7  2

            Method:7
  7  1  2 |  3  8  6 |  4  9  5
  1  6  3 |  2  5  7 |  9  4  8
  6  7  4 |  9  3  8 |  2  5  1
----------+----------+----------
  3  8  7 |  6  4  5 |  1  2  9
  2  5  8 |  4  1  9 |  7  3  6
  4  9  5 |  1  2  3 |  6  8  7
----------+----------+----------
  8  2  9 |  5  7  1 |  3  6  4
  5  4  6 |  7  9  2 |  8  1  3
  9  3  1 |  8  6  4 |  5  7  2

            Method:8
  7  1  2 |  3  8  6 |  9  4  5
  1  6  3 |  2  5  7 |  4  9  8
  6  7  4 |  9  3  8 |  2  5  1
----------+----------+----------
  3  8  7 |  6  4  5 |  1  2  9
  2  5  8 |  4  1  9 |  7  3  6
  4  9  5 |  1  2  3 |  6  8  7
----------+----------+----------
  8  2  9 |  5  7  1 |  3  6  4
  5  4  6 |  7  9  2 |  8  1  3
  9  3  1 |  8  6  4 |  5  7  2

            Method:9
  2  1  8 |  3  5  9 |  7  4  6
  1  9  3 |  6  8  7 |  4  2  5
  6  7  4 |  9  3  8 |  2  5  1
----------+----------+----------
  3  6  7 |  2  4  5 |  1  8  9
  7  5  2 |  4  1  6 |  9  3  8
  4  8  5 |  1  2  3 |  6  9  7
----------+----------+----------
  8  2  9 |  5  7  1 |  3  6  4
  5  4  6 |  7  9  2 |  8  1  3
  9  3  1 |  8  6  4 |  5  7  2

